148
0
	Aled Montes
	2008
	40055
	59 46 113 72 56 140 8 108 67 79 
1
	Sandhya Krish
	2009
	57651
	3 19 63 137 16 24 55 67 68 81 94 111 125 
2
	Haaris George
	1996
	00183
	85 66 94 24 40 51 70 71 89 92 126 146 
3
	Alysha Gray
	2009
	02197
	1 92 93 11 28 24 76 35 33 56 133 51 34 44 48 50 52 70 85 98 118 120 136 145 
4
	Lilly Flynn
	2009
	21277
	7 60 144 26 98 32 27 109 18 8 17 37 55 73 74 79 85 137 
5
	Qiu Dong
	2008
	11020
	68 139 129 21 51 115 27 113 138 
6
	Safia Barnes
	2007
	98908
	128 90 53 89 14 21 37 41 49 71 77 121 123 
7
	Gasper Blancas
	1986
	87387
	4 38 91 90 128 96 25 80 12 60 132 61 142 14 62 74 92 94 123 144 
8
	Pundarik Samuel
	1992
	62834
	0 83 93 103 141 47 143 21 136 4 13 28 104 73 97 56 94 115 
9
	Jeremy Hodges
	1988
	58523
	134 77 34 84 13 19 78 16 28 30 39 67 95 102 128 
10
	Jerrald Matos
	1988
	51166
	54 15 21 32 62 75 92 94 98 99 133 134 140 144 147 
11
	Krish Summers
	2008
	20336
	3 26 27 53 75 123 130 140 
12
	Francesca Rose
	1984
	28000
	7 23 128 131 83 139 106 30 17 25 43 77 85 
13
	Bai De
	1986
	63199
	8 9 80 129 46 32 122 31 71 14 70 111 136 
14
	Paul Hines
	1994
	93480
	6 13 52 49 89 118 7 26 71 106 129 
15
	Josha Varkey
	2000
	19133
	127 129 95 23 22 10 20 28 29 36 77 79 103 116 
16
	Bernice Fox
	2007
	75070
	86 34 1 63 33 94 116 9 18 25 30 37 50 75 77 129 133 146 
17
	Yang Xinyi
	1982
	45160
	30 59 25 12 41 76 58 21 97 4 60 67 54 27 80 96 132 146 
18
	Constance Byrd
	1981
	91001
	4 90 61 27 16 135 93 48 78 145 139 96 142 28 70 83 112 114 133 138 146 
19
	Madeleine Castillo
	2001
	07111
	1 9 78 62 85 90 120 124 30 20 22 44 49 65 113 144 
20
	Nicolas Lozoya
	2002
	22604
	100 35 36 15 58 146 19 128 119 91 34 70 93 125 
21
	Tanuja Garg
	2001
	15441
	5 8 17 10 101 6 58 48 26 22 44 74 75 103 113 116 131 
22
	Frank Campbell
	1987
	11449
	15 19 25 122 66 131 96 21 26 81 137 
23
	Beau Tucker
	2007
	57064
	12 15 135 106 93 87 78 127 109 113 122 80 91 94 108 140 
24
	Joanna Keith
	2001
	22970
	3 41 1 2 35 46 76 129 
25
	Kang Liang
	2006
	52431
	7 17 22 77 12 16 107 29 48 89 93 137 140 146 
26
	Lana Pittman
	1990
	44872
	4 14 21 55 103 97 145 22 53 11 133 62 65 61 69 74 76 77 141 
27
	Bienvenida Estopinal
	1980
	36650
	4 18 140 67 133 11 5 103 17 84 89 31 34 
28
	Grayson Harrell
	1997
	67344
	3 8 40 146 9 15 118 124 94 49 18 96 108 102 147 107 64 143 
29
	Vasuki Kaamat
	2009
	85040
	15 38 53 25 67 80 83 115 123 
30
	Bonnie Reeves
	1996
	21739
	12 17 19 16 36 107 9 75 135 134 32 54 94 98 126 
31
	Jia Jun
	1992
	26508
	13 27 144 90 115 112 103 119 40 72 75 79 107 118 
32
	Tianna Parker
	1988
	80812
	4 13 81 84 30 58 88 132 96 10 42 44 53 133 
33
	Nicholas Nunez
	1994
	21755
	3 16 73 146 47 145 138 80 34 62 68 76 111 143 
34
	Kaiden Macias
	2008
	36417
	3 9 16 143 27 65 113 42 20 114 33 40 49 60 72 94 109 116 120 
35
	Fintan Carrillo
	1986
	30430
	3 20 41 84 39 111 113 63 24 37 91 121 131 139 147 
36
	Kanan Rau
	1997
	50303
	20 30 15 113 71 74 75 85 98 
37
	Jonathan Johnston
	1982
	14382
	4 6 16 55 35 63 81 126 58 104 111 129 132 
38
	Melody Cabrera
	1982
	31746
	7 29 67 79 
39
	Otis Baker
	1996
	20796
	35 122 80 56 9 43 93 128 133 137 
40
	Paciencia Santoyo
	1991
	29878
	28 31 34 129 125 2 60 81 83 100 145 
41
	Ayrton Simpson
	1990
	39378
	17 24 35 6 87 113 124 111 42 71 82 85 106 128 133 
42
	Shakti Brahmbhatt
	1986
	30931
	32 34 129 114 101 41 133 65 81 82 121 96 55 54 100 110 
43
	Wayne Proctor
	1991
	76413
	99 65 93 12 126 39 145 51 108 144 45 116 89 91 100 118 133 136 146 
44
	Eliot Moses
	2003
	23020
	74 76 19 93 124 92 45 122 32 3 147 21 55 73 75 112 123 
45
	Lachlan Savage
	1982
	80433
	43 44 54 102 123 138 143 
46
	Kong Ning
	2008
	54618
	0 13 51 70 92 111 67 54 97 24 71 88 120 49 72 74 89 109 126 145 147 
47
	Maddie Reid
	1996
	84906
	8 33 48 53 70 76 103 112 116 122 
48
	Wendy Hartman
	1991
	43103
	18 21 138 119 62 99 3 68 47 110 104 25 84 116 56 109 114 147 
49
	Andy Rocha
	1994
	37567
	14 28 6 114 46 87 100 66 19 64 144 82 138 34 91 95 
50
	Johnathan Andrews
	2004
	20106
	95 79 3 16 71 54 115 120 
51
	Penny Hurst
	1981
	73394
	3 5 43 46 2 94 114 120 137 143 
52
	Gloria Contreras
	2001
	28309
	14 56 102 146 63 3 80 107 
53
	Feng Yuhan
	1999
	79259
	6 26 29 47 80 32 60 11 77 111 64 125 69 145 103 118 143 
54
	Zakir Jennings
	2007
	29354
	10 17 46 105 50 89 61 62 30 42 45 128 97 146 74 111 130 132 133 
55
	Mohammad Thomson
	1996
	05987
	26 37 42 1 140 102 44 4 94 99 111 82 68 80 
56
	Soma Cherian
	2001
	36594
	0 3 39 52 94 134 98 48 91 8 125 100 63 71 83 105 
57
	Hana Flores
	1998
	25657
	147 
58
	Pan Chin
	2006
	46685
	17 20 21 32 37 100 77 107 123 126 140 141 145 
59
	Tia Moon
	1987
	99162
	0 17 119 69 70 71 79 80 139 
60
	Madina Pedregon
	2003
	90256
	4 7 17 53 94 40 34 130 73 106 109 126 137 144 
61
	Saira Booker
	2001
	51118
	7 18 54 26 128 106 69 70 109 134 
62
	Helena Carpenter
	2003
	92106
	19 26 48 54 79 10 7 33 120 101 71 72 77 81 110 139 
63
	Brandon Ballard
	2004
	20249
	1 16 35 37 52 80 56 128 131 122 69 120 75 91 102 111 136 137 138 
64
	Yuan Wuhan
	2003
	37354
	49 53 100 28 71 99 113 124 
65
	Autumn Jensen
	2003
	21906
	26 34 42 43 113 19 86 76 80 110 79 99 129 135 143 146 
66
	Zainab Stephenson
	1986
	61870
	2 22 49 85 87 92 93 95 105 
67
	Pramlocha Bose
	2002
	42192
	17 27 46 120 38 85 103 0 124 29 76 93 9 1 72 71 80 82 92 121 
68
	Faiza Gibbs
	1988
	47967
	5 48 116 139 1 126 33 55 138 
69
	Mitchell Sullivan
	1994
	76337
	53 63 100 101 72 114 26 61 59 74 76 89 93 120 130 144 
70
	Filip Zamora
	1987
	75767
	46 18 132 59 130 20 13 47 3 2 86 137 90 61 92 94 133 
71
	Lois Bernard
	2009
	11632
	13 14 46 50 62 93 6 59 2 56 41 67 36 115 83 76 64 80 96 106 126 
72
	Marco Turner
	1981
	99415
	0 67 69 31 79 94 107 46 34 118 62 146 128 76 113 133 139 
73
	Xu Yating
	1992
	62226
	8 33 124 4 99 60 108 95 44 130 
74
	Arianna Lozano
	1999
	01036
	44 21 105 26 54 82 129 7 69 4 111 46 121 36 85 91 109 115 116 118 144 
75
	Shitala Cheema
	1996
	16761
	30 105 21 31 11 10 119 107 63 44 143 16 36 109 134 
76
	Cira Villarrubia
	1994
	45742
	3 17 44 65 67 71 99 114 137 69 101 121 112 47 24 33 72 26 103 118 126 143 145 
77
	Samira Jacobs
	2000
	93332
	9 25 53 6 80 58 62 16 15 110 26 109 12 97 111 81 114 124 140 
78
	Deng Qiang
	1997
	72526
	9 18 19 23 96 92 79 85 124 
79
	Kyron Miller
	1990
	71187
	50 62 65 72 31 105 4 78 15 110 0 38 117 59 115 80 94 85 126 135 
80
	Peng Lan
	1989
	10006
	7 13 33 39 53 63 65 71 77 79 147 59 23 55 85 17 29 52 67 91 89 105 
81
	Leo Griffin
	1996
	43507
	32 37 42 77 1 111 145 133 22 40 106 62 147 82 105 138 140 
82
	Lyla Whitney
	1989
	44020
	42 49 55 74 67 104 125 85 98 81 41 119 102 105 123 141 
83
	Tan Zexian
	2001
	35210
	8 12 71 40 141 18 56 29 91 128 138 
84
	Varun Desai
	2009
	55098
	9 27 32 35 48 135 
85
	Kurtis Stein
	1988
	11955
	2 19 67 80 82 41 79 74 78 139 114 12 36 66 4 3 125 
86
	Maisy Castro
	1980
	30020
	16 65 70 124 126 128 143 
87
	Darius Colon
	2009
	64497
	23 41 49 144 66 132 
88
	Long De
	1987
	42714
	32 46 102 145 
89
	Geng Qiu
	1997
	94105
	6 14 27 43 54 2 46 120 69 80 99 25 112 115 116 
90
	Nikhil Waller
	2004
	45685
	6 7 18 19 31 70 95 114 
91
	Arron Velasquez
	2008
	55827
	7 20 43 56 80 111 135 63 146 23 83 104 99 74 35 141 109 49 131 133 136 140 
92
	Lakshmi Vyas
	2005
	36504
	3 44 46 78 93 120 2 106 108 66 107 10 7 123 70 67 102 103 142 
93
	Song Long
	2008
	26044
	3 8 18 23 43 44 67 71 92 127 39 25 119 66 69 20 139 141 
94
	Ali Mccall
	1981
	97362
	2 16 28 55 56 60 72 79 23 7 70 30 10 97 34 8 1 51 105 
95
	Jana Edwards
	2000
	76044
	15 50 73 90 107 49 129 9 97 137 66 143 141 
96
	Zackary Miranda
	1996
	73551
	7 18 22 28 32 42 78 147 119 17 71 104 136 140 
97
	Maria Hanna
	1995
	92469
	8 17 26 46 54 77 94 95 108 
98
	Bartosz Morton
	2002
	57501
	4 56 82 117 36 131 30 130 137 3 10 128 135 
99
	Molly Arias
	2009
	48743
	43 48 55 73 76 89 91 64 129 10 65 106 125 137 
100
	Zain White
	1988
	13629
	20 49 56 58 64 69 102 127 43 40 42 118 
101
	Isaac Guzman
	2001
	74801
	21 42 62 69 76 139 136 144 
102
	Frederick Murray
	2003
	60994
	28 52 55 92 100 141 143 82 9 115 121 45 88 63 105 
103
	Eskame Fernando
	1993
	17237
	8 26 27 31 67 126 21 47 15 115 53 92 76 133 140 145 
104
	Cecily Schroeder
	1992
	41571
	8 48 82 91 144 96 37 
105
	Ren Zhi
	1988
	39082
	54 74 75 79 82 66 81 102 94 119 80 56 117 139 134 143 
106
	Alex Mcconnell
	1991
	27595
	12 23 61 81 92 41 99 14 113 142 60 71 115 
107
	Aja Jani
	2009
	56634
	25 28 30 72 75 92 95 52 58 110 129 140 31 147 118 124 111 145 
108
	Marina Cole
	1983
	76864
	0 28 43 73 92 23 97 125 118 143 
109
	Stanley Hartley
	1997
	55125
	4 23 77 91 48 138 74 46 127 61 118 60 131 75 34 
110
	Xian Liang
	1981
	57353
	48 65 77 79 107 62 42 129 
111
	Anjali Willis
	1996
	60296
	35 41 46 53 55 74 77 81 91 107 37 117 33 128 63 54 13 1 114 145 
112
	Tabitha Marsh
	1996
	09251
	31 76 47 18 89 44 120 
113
	Shawn Hill
	1998
	51183
	0 23 34 35 36 41 65 106 64 21 5 19 136 72 137 
114
	Salvador Suero
	2004
	16721
	34 42 49 69 76 85 18 48 111 139 118 90 77 51 129 
115
	Astrid Cantrell
	2004
	36355
	5 31 71 79 102 103 50 89 74 118 29 106 140 121 8 116 127 
116
	Yaseen Fitzgerald
	1992
	60133
	16 43 48 68 74 34 21 89 15 115 47 125 120 
117
	Anish Kapadia
	1986
	38596
	79 98 105 111 133 140 
118
	Kirsty Golden
	1988
	06998
	14 28 72 107 109 114 115 132 108 100 43 76 74 3 31 53 120 
119
	Lara Hewitt
	2005
	80132
	20 31 48 59 75 82 93 96 105 124 141 
120
	Xie Zhelan
	1990
	79244
	19 46 62 63 67 89 92 118 141 3 51 116 112 69 34 137 127 50 144 
121
	Jacques Mendoza
	2009
	69172
	42 74 76 102 115 6 35 67 129 135 
122
	Mae Mcguire
	1990
	11295
	13 22 23 39 44 63 47 125 129 
123
	Alison Aguirre
	1999
	93121
	92 11 82 124 7 58 126 6 29 142 129 44 45 136 
124
	Mahamari Chakpram
	1983
	53416
	19 28 41 44 67 73 86 107 123 77 78 64 144 127 145 134 119 146 129 136 
125
	Louie Fry
	2008
	19216
	40 53 56 82 108 116 126 1 85 99 122 146 20 
126
	Aron Rowland
	1983
	30048
	37 43 68 103 123 125 131 140 86 2 79 71 76 60 58 30 46 146 
127
	Ellie-Mae Vega
	1989
	48809
	15 23 93 100 109 120 124 115 135 143 
128
	Teng Huo
	1980
	87389
	6 7 12 20 54 61 63 72 111 134 39 9 83 138 98 86 41 
129
	Sumaya Stokes
	1999
	75032
	5 13 15 40 42 74 95 99 107 123 122 110 14 37 16 114 24 121 65 124 144 
130
	Hernandez Vicencio
	1996
	96671
	60 70 98 11 73 54 69 142 
131
	Hermione Sutton
	1985
	97612
	12 22 63 98 109 126 21 35 91 146 
132
	Ajay Charles
	1995
	28883
	7 32 70 118 37 17 54 87 147 
133
	Alannah Randolph
	2001
	66579
	3 26 27 42 81 91 16 10 54 39 72 117 41 103 32 70 43 18 146 
134
	Filipa Cerrato
	1997
	87040
	9 30 56 124 128 75 10 61 105 135 
135
	Alina Baird
	1982
	71856
	18 23 30 91 79 134 65 127 121 98 84 146 
136
	Kaden Krueger
	1997
	71524
	8 113 43 13 3 91 123 63 101 140 124 96 
137
	Todd Terrell
	1997
	47131
	1 70 76 95 98 120 39 63 113 25 51 4 138 99 22 139 60 
138
	Priyamkara Zachariah
	1985
	25518
	33 48 49 109 128 137 68 81 63 83 18 45 5 146 
139
	Estelle Knapp
	1984
	34522
	5 12 18 68 85 93 101 105 114 137 72 59 146 35 62 
140
	Trinity Foley
	2004
	50275
	0 27 55 107 115 126 136 25 103 58 146 81 117 91 11 77 10 96 23 145 
141
	Barry Pacheco
	2000
	50686
	8 83 91 102 120 93 119 95 82 58 26 
142
	Connor Norris
	2003
	90635
	7 18 106 123 130 92 
143
	Clodoveo Basa
	2000
	37142
	8 34 75 95 102 45 105 86 28 51 127 108 33 65 53 76 
144
	Tomas Bradford
	1982
	19379
	4 31 43 49 87 104 124 60 10 147 69 101 74 129 19 7 120 
145
	Natalia Rhodes
	1986
	53878
	18 26 33 43 53 81 124 111 140 58 3 40 46 88 76 107 103 
146
	Joyce Baldwin
	2007
	01991
	20 28 33 52 54 72 91 124 125 139 140 18 43 133 138 126 65 25 135 16 131 2 17 
147
	Lillie Cain
	1999
	05009
	28 44 57 80 81 96 107 132 144 10 35 46 48 
